      2.0000000  2.3084927E-05     0.99988024  7.0000000E-06     0.12107106     0.37192637  2.9000000E-05
      4.0000000   0.0067180972     0.96514890  0.00022000000     0.16602049     0.13874471  0.00073500000
      6.0000000    0.038692708     0.79927598   0.0022110000     0.17812256    0.075963478   0.0061060000
      8.0000000    0.078767421     0.59138261   0.0084400000     0.18354612    0.047827962    0.024179000
      10.000000     0.11083694     0.42501733    0.027817000     0.18645734    0.032725561    0.098791000
      12.000000     0.13328393     0.30857033    0.090152000     0.18820383    0.023665394     0.29818200
      14.000000     0.14855393     0.22935501     0.22006900     0.18933633    0.017790401     0.79519200
      16.000000     0.15902704     0.17502425     0.50223000     0.19011336    0.013759434      1.5954630
      18.000000     0.16636192     0.13697346     0.96217100     0.19066978    0.010872925      3.1986880
      20.000000     0.17162642     0.10966315      1.8605460     0.19108178   0.0087356352      6.0641550
      22.000000     0.17549843    0.089576513      3.3929060     0.19139515   0.0071099785      11.091237
      24.000000     0.17841234    0.074460206      5.4685280     0.19163882   0.0058458849      18.389746
      26.000000     0.18065154    0.062843996      9.0229530     0.19183183   0.0048446510      29.584652
      28.000000     0.18240495    0.053747947      14.085474     0.19198710   0.0040391343      46.051424
      30.000000     0.18380124    0.046504468      21.185265     0.19211371   0.0033823409      70.246509
      32.000000     0.18492998    0.040648983      31.228962     0.19221815   0.0028405653      103.26933
