    Temperature         <E(T)>         <M(T)>       <C_v(T)>       <Chi(T)>
      2.0000000
      2.0107143
      2.0214286
      2.0321429
      2.0428571
      2.0535714
      2.0642857
      2.0750000
      0.0000000
      0.0000000
      0.0000000
      0.0000000
      0.0000000
      0.0000000
      0.0000000
      0.0000000
 3.9525252E-323
 4.9406565E-324
 3.9525252E-323
 4.9406565E-324
 6.9525489E-310
      0.0000000
     -695.58280
     -694.93080
     -692.94000
     -689.35680
     -685.67520
     -680.23840
     -680.16600
     -674.24920
      0.0000000
      0.0000000
