   1.03333575677006e+03
   5.52486101039662e+02
   1.69901665915600e+03
   3.60333154960127e+01
   1.40535160138893e+03
   8.16323973188066e+02
   1.56244364911452e+03
   2.60529535087300e+02
   1.24115278000191e+03
   1.42571427333828e+02
   1.73204395277209e+03
   3.85329973956969e+02
   9.52319483417583e+02
   7.90626473935783e+00
   1.63988716812115e+03
   6.81965011720253e+02
   1.89124702399248e+02
   1.31406411430620e+03
   5.96899023085307e+01
   1.19077822635058e+03
   3.41576968333475e+02
   1.75096445362913e+03
   1.57628270769980e+01
   1.50796660938409e+03
   6.29409342262929e+02
   1.71717586205827e+03
   9.06132937715517e+01
   8.97935055771366e+02
   4.31012767439401e+02
   1.59550474132452e+03
   2.23548944661737e+02
   1.36063016495941e+03
   7.62200625453909e+02
   1.74777959184987e+03
   4.05712868509879e+00
   1.11305330606272e+03
   5.02766776975519e+02
   1.66583146375876e+03
   6.92071182826006e+01
   1.46859802408169e+03
   5.77839136545724e+02
   1.70850080850409e+03
   1.57390587235314e+02
   1.00643998630678e+03
   2.99923072386278e+02
   1.61100872077292e+03
   2.06008689018659e+02
   1.26583385072350e+03
   8.43497145281760e+02
   1.73820153002330e+03
   2.44730722791301e+01
   1.13921684337290e+03
   4.54522869425447e+02
   1.52675401043756e+03
   4.30889633997364e+01
   1.42696612806467e+03
   6.55576621854891e+02
   1.75379507448000e+03
   1.15101656860762e+02
   9.79425848142001e+02
   3.63201483074706e+02
   1.65323290323812e+03
   2.41728437970353e+02
   1.33756659913565e+03
   8.70709616030304e+02
   1.72502867600439e+03
   1.18119094122304e+01
   1.08666822347837e+03
   4.78448588331167e+02
   1.57931108815296e+03
   5.09794591848142e+01
   1.44805508810699e+03
   6.03488488256603e+02
   1.75800574317112e+03
   1.02478329758093e+02
   9.25147121721526e+02
   3.20477357238266e+02
   1.67766988830389e+03
   1.72913402854904e+02
   1.29014547639716e+03
   7.35302814848388e+02
   1.74346958772510e+03
   1.98783071208617e+01
   1.16513351208348e+03
   4.07941028104326e+02
   1.54491892249133e+03
   1.28470471832942e+02
   1.38323246675303e+03
   7.08548982381804e+02
   1.76431951267999e+03
   2.98280296498829e+01
   1.06008713205976e+03
   2.79934012637347e+02
   1.62580775150925e+03
   7.89216390858739e+02
   1.48857499812448e+03
   7.95188869262943e+01
   1.68873567484844e+03
   5.27453908915042e+02
   1.21612616192764e+03
