   3.62033629461662e+02
   1.42579100396480e+03
   7.85224791221941e+01
   1.63879166673013e+03
   1.50000100308790e+01
   1.00522201380593e+03
   8.15106088314355e+02
   1.56130830038559e+03
   2.04896052139904e+02
   1.08545322177532e+03
   5.01573107988382e+02
   1.74250885920653e+03
   1.27411576524572e+02
   1.28894763824959e+03
   6.54366794409982e+02
   1.70747031059953e+03
   2.99928584013051e+00
   1.18957006986727e+03
   2.98772616876493e+02
   1.52560560891633e+03
   4.21909344853178e+01
   1.23994933234326e+03
   6.02283091298034e+02
   1.68768112125151e+03
   1.01447743459283e+02
   8.96715931592570e+02
   4.29830655023088e+02
   1.73722584810597e+03
   2.59392722441174e+02
   1.38204873166455e+03
   7.60984583878699e+02
   1.72402464867956e+03
   6.99643825879762e+00
   1.03211857241290e+03
   5.26256931825656e+02
   1.60989592943733e+03
   5.87360936111907e+01
   1.48741495523454e+03
   5.76636303162370e+02
   1.75018336714337e+03
   1.71819896577816e+02
   9.51100535693694e+02
   3.40414538976602e+02
   1.66475530062785e+03
   1.56307739880196e+02
   1.33637531419598e+03
   7.34088006238385e+02
   1.69797382175497e+03
   2.36980263529377e+01
   1.13800484441660e+03
   4.53336622040148e+02
   1.59438400510105e+03
   3.51707532871508e+01
   1.40417203461830e+03
   6.80753306473008e+02
   1.74684224684937e+03
   1.14056293567362e+02
   9.78207288078931e+02
   3.19320719625010e+02
   1.65214680082316e+03
   2.22427699841342e+02
   1.31286943174123e+03
   8.69490703582719e+02
   1.75769366629512e+03
   1.09919619923898e+01
   1.16392332790496e+03
   4.77258492532473e+02
   1.54377686227902e+03
   1.91318719787735e+01
   1.46743265017709e+03
   6.28201615874291e+02
   1.73105391951632e+03
   8.95989367561300e+01
   9.23927985934720e+02
   2.78790155571175e+02
   1.67660423284925e+03
   1.88021290927469e+02
   1.26463309276298e+03
   7.87999324693544e+02
   1.75334323795030e+03
   5.00514507622361e+01
   1.11183970215137e+03
   3.84157043363321e+02
   1.50681221903037e+03
   6.82307332573427e+01
   1.35944252662626e+03
   8.42278645525723e+02
   1.62470336302736e+03
   2.90075585780825e+01
   1.05887093748717e+03
   5.51286071858789e+02
   1.76406979733089e+03
   2.40599149690347e+02
   1.44688469122930e+03
   7.07335618066936e+02
   1.71615831574712e+03
   1.41500081205316e+02
   1.57818284040593e+03
   4.06763349886525e+02
   1.21492024960747e+03
