   1.18301917906076e+03
   4.23230088094087e+02
   1.55471990473077e+03
   1.20628247681960e+02
   1.69141082761397e+03
   8.62941554289285e+02
   1.41922083301149e+03
   2.15743574616946e+02
   1.74760497942887e+03
   5.19675860071022e+02
   1.02557179711368e+03
   1.13882919796432e+01
   1.61810884690207e+03
   7.00776822926902e+02
   1.35287952974753e+03
   7.16172127837101e+01
   1.50023146133292e+03
   3.55414224495614e+02
   1.13145600844564e+03
   3.50249577546840e+01
   1.73634686757345e+03
   7.54429877874824e+02
   1.25807790695340e+03
   1.07248792869249e+02
   1.65816547971987e+03
   2.72138174329355e+02
   9.17380390118252e+02
   8.27315607528556e+01
   1.70964267463212e+03
   5.95713205995597e+02
   1.39760435923116e+03
   4.51767032056487e+00
   1.58779157343258e+03
   4.70668390341973e+02
   1.15737354754421e+03
   1.60629764357180e+01
   1.75082538504810e+03
   8.08554581898943e+02
   1.30631061987519e+03
   2.33926645953530e+02
   1.63219733999194e+03
   3.12686253786110e+02
   9.71660474445378e+02
   1.49564677278454e+02
   1.72464223342171e+03
   6.21634889800735e+02
   1.46085725817997e+03
   8.86360954815579e-01
   1.53719088517366e+03
   4.46741478019938e+02
   1.07890576498354e+03
   5.17298100393078e+01
   1.70092647791024e+03
   7.81446326518037e+02
   1.23339573518829e+03
   1.81310557434942e+02
   1.68110520208997e+03
   3.33787882441073e+02
   9.44553425567558e+02
   1.65093827839529e+02
   1.74470150928587e+03
   6.74192115689237e+02
   1.48083688340470e+03
   2.78855149499253e+01
   1.60330212580106e+03
   5.44709027312987e+02
   1.05232391001134e+03
   2.30994676795231e+00
   1.73090997268421e+03
   7.27531370181110e+02
   1.37548345205793e+03
   2.52730898154211e+02
   1.74964587653613e+03
   4.00156952617206e+02
   8.90167657338744e+02
   9.46125325084900e+01
   1.64555389116984e+03
   5.70062982646544e+02
   1.32981447618457e+03
   2.15632091247924e+01
   1.51902219926778e+03
   2.92129730407517e+02
   1.20836808539953e+03
   4.29754306853466e+01
   1.71755063279643e+03
   6.47802963072019e+02
   1.28239071248598e+03
   1.34738062013681e+02
   1.74094627396235e+03
   4.94987689730249e+02
   1.10529164162455e+03
   1.98199235654215e+02
   1.57159225768377e+03
   8.35728420382099e+02
   9.98675310756417e+02
   7.54056102798338e+00
   1.67001978680604e+03
   6.12800446936983e+01
   1.44031194130039e+03
   3.77544378243293e+02
