   1.23533691865054e+03
   4.25171495828712e+02
   1.55666011575188e+03
   1.22570426742039e+02
   1.70286043440821e+03
   7.83387681822729e+02
   1.48277756271879e+03
   2.54672432563503e+02
   1.74284142618547e+03
   5.21617246982068e+02
   1.00061662089283e+03
   1.33583131857685e+01
   1.64749242394782e+03
   6.76133483871511e+02
   1.33175554761071e+03
   2.98356072462362e+01
   1.75122333335468e+03
   2.94071213700982e+02
   1.10723291012635e+03
   6.32240516033995e+01
   1.58973141250824e+03
   6.23576263718381e+02
   8.92108994648319e+02
   1.67035631112314e+02
   1.39954530401803e+03
   4.49214048845305e+01
   7.29472732326774e+02
   1.68304169509288e+03
   2.23172067266546e+00
   1.18496040219044e+03
   3.57355659881433e+02
   1.73282962980866e+03
   2.00140897293163e+02
   1.13339726342996e+03
   4.72609786116626e+02
   1.44225277089984e+03
   6.51194422411264e+00
   1.26001906701142e+03
   5.72004362573270e+02
   1.63413630078525e+03
   9.65551658597645e+01
   9.46494750724822e+02
   3.14627718028874e+02
   1.74940253481568e+03
   1.83252282316446e+02
   1.37742444432745e+03
   8.37669767567932e+02
   1.71947994189953e+03
   2.35170979770091e+01
   1.05426520155225e+03
   4.02098367998334e+02
   1.67195712521164e+03
   7.35606233505019e+01
   1.52096267938335e+03
   6.49744334125953e+02
   1.73825742069691e+03
   1.36680085763794e+02
   9.73601792491734e+02
   3.79485802731545e+02
   1.57353229831738e+03
   2.17685184969774e+02
   1.30825172433029e+03
   7.56371236730405e+02
   1.71157468401701e+03
   4.19112950690974e+00
   1.15931478746681e+03
   4.96929080771065e+02
   1.50217204826262e+03
   3.69725877777201e+01
   1.46279801775838e+03
   5.97654582843451e+02
   1.69334622687843e+03
   8.46745284359988e+01
   9.19321721671052e+02
   2.74079680701460e+02
   1.62004815732937e+03
   1.51506578300881e+02
   1.28433184633589e+03
   8.64882896787774e+02
   1.75305095223496e+03
   9.52620056748741e+00
   1.08084704562265e+03
   3.35729330915291e+02
   1.60524172471020e+03
   5.36746354126114e+01
   1.42116172392505e+03
   8.10495933333381e+02
   1.72656767184859e+03
   1.80229527526799e+01
   1.02751309844900e+03
   5.46650410559296e+02
   1.66010348259317e+03
   2.35868214528660e+02
   1.35482056398512e+03
   7.02718188161115e+02
   1.74656766586683e+03
   1.09191170266700e+02
   1.53913124118081e+03
   4.48682879295183e+02
   1.21030928979107e+03
