   3.14006451642760e+04
   1.47735615357429e+04
   3.86228812419536e+04
   1.86654797645857e+03
   2.21730430017098e+04
   1.18463277011663e+04
   3.58828330168955e+04
   6.16020016006684e+02
   2.92732706397068e+04
   1.90671921922518e+04
   3.97586087948156e+04
   3.39224034470409e+03
   2.70025289838281e+04
   7.11779177099213e+03
   3.50964587830654e+04
   9.59737849345414e+02
   3.38084004114351e+04
   1.29974710161723e+04
   3.99613119426725e+04
   5.74832071704988e+03
   2.40161414571147e+04
   9.64300750203362e+03
   3.81334520235418e+04
   9.67435416023793e+00
   3.03569924979668e+04
   1.78269569982906e+04
   3.90402621506550e+04
   2.42613199801465e+03
   2.58242942445453e+04
   6.64823719567700e+03
   3.42516792829505e+04
   2.41391205184867e+02
   3.28822082290082e+04
   1.59838585428858e+04
   3.98453974472660e+04
   4.90354121693492e+03
   2.09328078077485e+04
   1.07267293602936e+04
   3.72684340979339e+04
   4.72211588727863e+02
   2.81536722988341e+04
   1.96889637615931e+04
   3.99903256458403e+04
   3.05370590084447e+03
   2.75817680768080e+04
   8.59935483572443e+03
   3.66077596552963e+04
   1.37711875804682e+03
   3.08840836551210e+04
   1.41757057554551e+04
   3.88406852694003e+04
   4.11716698310496e+03
   2.27903067788787e+04
   1.01801183805337e+04
   3.75738680019859e+04
   8.70130406196283e+01
   2.98198816194668e+04
   1.72096932211218e+04
   3.95277884112725e+04
   2.13769967626419e+03
   2.46235264422995e+04
   8.09382271446680e+03
   3.46811705751893e+04
   3.86880573281128e+01
   2.87176883695076e+04
   1.35834846036928e+04
   3.93839799839937e+04
   4.50285785794225e+03
   2.03110362384072e+04
   1.12823116304927e+04
   3.99129869593810e+04
   1.15931473060023e+03
   3.33517628043235e+04
   1.53764735577007e+04
   3.69462940991560e+04
   3.47295035554729e+02
   2.34048711144482e+04
   6.19159958856517e+03
   3.78623003237362e+04
   3.74684172343505e+03
   3.24001909492160e+04
   1.84463230542201e+04
   3.92214188079750e+04
   1.61293922035529e+03
   2.15536769457804e+04
   9.11591634487958e+03
   3.62531582765653e+04
   1.54602552734470e+02
   2.64165153963077e+04
   1.24182319231926e+04
   3.54971421420582e+04
   2.73156590206674e+03
   3.19061772855337e+04
   7.59980905078458e+03
   3.96527049644457e+04
   5.31882942481086e+03
   2.52264384642576e+04
   1.65951288855522e+04
   3.83870607796452e+04
   7.78581192025516e+02
