   9.25752994244675e+02
   3.27881314269913e+02
   1.68891721597105e+03
   2.12903733022316e+02
   1.39593457829909e+03
   1.74299827072216e+01
   7.24450068255057e+02
   1.51323196895497e+03
   7.63050296247363e+01
   1.11152960750346e+03
   5.14764323708439e+02
   1.73236321790093e+03
   1.35131122817982e+02
   1.26969267092799e+03
   6.33387163618875e+02
   1.75435582250025e+03
   3.69835989772914e+01
   1.00494827750312e+03
   4.03338596795852e+02
   1.59805383090465e+03
   2.51461911381317e+02
   1.46762454569047e+03
   8.22702225747610e+02
   1.63669434578247e+03
   5.66386436517601e+01
   1.21751015437469e+03
   3.84566267301081e+02
   1.77767764868324e+03
   1.74122809356207e+02
   1.34630522190140e+03
   6.77846766528523e+02
   1.70453014241888e+03
   9.59511637792295e+01
   1.05819684110531e+03
   5.52187582264748e+02
   1.79192142862239e+03
   1.15562491573017e+02
   1.55679849418295e+03
   8.99655858955897e+02
   1.65492329066138e+03
   2.70654973765486e+02
   1.24369287256279e+03
   4.59282309366764e+02
   1.82473333362864e+03
   1.54652277397051e+02
   1.42022803270450e+03
   7.72838844434211e+02
   1.74408535084576e+03
   2.89789655561645e+02
   1.13815411972357e+03
   5.91456379797895e+02
   1.86308479009084e+03
   1.93540507920233e+02
   1.57773301195319e+03
   9.52021070331672e+02
   1.80763298859362e+03
   3.46837150537047e+02
   1.32102779512499e+03
   4.96288387401371e+02
   1.93190266347154e+03
   2.32211210710812e+02
   1.49066731550728e+03
   8.48098678666734e+02
   1.88442359403649e+03
   4.22048847380949e+02
   1.19117346045496e+03
   7.00904115216186e+02
   1.95835500250001e+03
   3.08865300271870e+02
   1.61772186823150e+03
   1.03154727749017e+03
   1.84320827515391e+03
   4.77808560966528e+02
   1.44413465926557e+03
   6.55324551317403e+02
   2.01793900187998e+03
   3.65732296874343e+02
   1.71907419493475e+03
   1.08486741951062e+03
   1.98692066279648e+03
   5.71510683025887e+02
   1.37128386670431e+03
   7.97604240134227e+02
   2.08953750483209e+03
   4.40696682012599e+02
   1.76510514963122e+03
   1.16471177117139e+03
   2.05189755884726e+03
   5.33339068062733e+02
   1.53528667469245e+03
   9.78429563599442e+02
   2.18192061420689e+03
   7.48441624325384e+02
   1.90731883331884e+03
   1.29548062262047e+03
   2.24514658114488e+03
   6.12084415789559e+02
   2.13208942865569e+03
   8.73760600376553e+02
   1.67235320490494e+03
