   0.0010000000   0.0089501371   0.0089502117  8.3332917E-06
   0.0020000000    0.017801269    0.017801417  8.3332917E-06
   0.0030000000    0.026554381    0.026554603  8.3332917E-06
   0.0040000000    0.035210449    0.035210742  8.3332917E-06
   0.0050000000    0.043770438    0.043770802  8.3332917E-06
   0.0060000000    0.052235304    0.052235739  8.3332917E-06
   0.0070000000    0.060605993    0.060606498  8.3332917E-06
   0.0080000000    0.068883443    0.068884017  8.3332917E-06
   0.0090000000    0.077068581    0.077069223  8.3332917E-06
    0.010000000    0.085162326    0.085163036  8.3332917E-06
    0.011000000    0.093165588    0.093166364  8.3332917E-06
    0.012000000     0.10107927     0.10108011  8.3332917E-06
    0.013000000     0.10890425     0.10890516  8.3332917E-06
    0.014000000     0.11664143     0.11664240  8.3332917E-06
    0.015000000     0.12429167     0.12429270  8.3332917E-06
    0.016000000     0.13185584     0.13185694  8.3332917E-06
    0.017000000     0.13933479     0.13933596  8.3332917E-06
    0.018000000     0.14672938     0.14673061  8.3332917E-06
    0.019000000     0.15404044     0.15404173  8.3332917E-06
    0.020000000     0.16126881     0.16127015  8.3332917E-06
    0.021000000     0.16841530     0.16841671  8.3332917E-06
    0.022000000     0.17548074     0.17548220  8.3332917E-06
    0.023000000     0.18246592     0.18246744  8.3332917E-06
    0.024000000     0.18937165     0.18937323  8.3332917E-06
    0.025000000     0.19619872     0.19620035  8.3332917E-06
    0.026000000     0.20294790     0.20294959  8.3332917E-06
    0.027000000     0.20961998     0.20962173  8.3332917E-06
    0.028000000     0.21621573     0.21621753  8.3332917E-06
    0.029000000     0.22273589     0.22273775  8.3332917E-06
    0.030000000     0.22918123     0.22918314  8.3332917E-06
    0.031000000     0.23555249     0.23555445  8.3332917E-06
    0.032000000     0.24185040     0.24185242  8.3332917E-06
    0.033000000     0.24807570     0.24807776  8.3332917E-06
    0.034000000     0.25422910     0.25423122  8.3332917E-06
    0.035000000     0.26031133     0.26031350  8.3332917E-06
    0.036000000     0.26632309     0.26632531  8.3332917E-06
    0.037000000     0.27226508     0.27226735  8.3332917E-06
    0.038000000     0.27813800     0.27814032  8.3332917E-06
    0.039000000     0.28394253     0.28394490  8.3332917E-06
    0.040000000     0.28967936     0.28968177  8.3332917E-06
    0.041000000     0.29534915     0.29535161  8.3332917E-06
    0.042000000     0.30095258     0.30095509  8.3332917E-06
    0.043000000     0.30649030     0.30649286  8.3332917E-06
    0.044000000     0.31196298     0.31196558  8.3332917E-06
    0.045000000     0.31737125     0.31737389  8.3332917E-06
    0.046000000     0.32271575     0.32271844  8.3332917E-06
    0.047000000     0.32799713     0.32799987  8.3332917E-06
    0.048000000     0.33321601     0.33321879  8.3332917E-06
    0.049000000     0.33837301     0.33837583  8.3332917E-06
    0.050000000     0.34346875     0.34347161  8.3332917E-06
    0.051000000     0.34850383     0.34850674  8.3332917E-06
    0.052000000     0.35347887     0.35348181  8.3332917E-06
    0.053000000     0.35839445     0.35839744  8.3332917E-06
    0.054000000     0.36325117     0.36325420  8.3332917E-06
    0.055000000     0.36804962     0.36805269  8.3332917E-06
    0.056000000     0.37279037     0.37279348  8.3332917E-06
    0.057000000     0.37747400     0.37747715  8.3332917E-06
    0.058000000     0.38210108     0.38210427  8.3332917E-06
    0.059000000     0.38667217     0.38667539  8.3332917E-06
    0.060000000     0.39118783     0.39119109  8.3332917E-06
    0.061000000     0.39564860     0.39565190  8.3332917E-06
    0.062000000     0.40005504     0.40005838  8.3332917E-06
    0.063000000     0.40440769     0.40441106  8.3332917E-06
    0.064000000     0.40870708     0.40871048  8.3332917E-06
    0.065000000     0.41295373     0.41295717  8.3332917E-06
    0.066000000     0.41714819     0.41715166  8.3332917E-06
    0.067000000     0.42129095     0.42129446  8.3332917E-06
    0.068000000     0.42538255     0.42538609  8.3332917E-06
    0.069000000     0.42942348     0.42942706  8.3332917E-06
    0.070000000     0.43341426     0.43341787  8.3332917E-06
    0.071000000     0.43735538     0.43735903  8.3332917E-06
    0.072000000     0.44124734     0.44125101  8.3332917E-06
    0.073000000     0.44509062     0.44509432  8.3332917E-06
    0.074000000     0.44888570     0.44888944  8.3332917E-06
    0.075000000     0.45263308     0.45263685  8.3332917E-06
    0.076000000     0.45633322     0.45633702  8.3332917E-06
    0.077000000     0.45998659     0.45999043  8.3332917E-06
    0.078000000     0.46359367     0.46359753  8.3332917E-06
    0.079000000     0.46715490     0.46715879  8.3332917E-06
    0.080000000     0.47067075     0.47067467  8.3332917E-06
    0.081000000     0.47414166     0.47414561  8.3332917E-06
    0.082000000     0.47756809     0.47757207  8.3332917E-06
    0.083000000     0.48095047     0.48095448  8.3332917E-06
    0.084000000     0.48428925     0.48429329  8.3332917E-06
    0.085000000     0.48758486     0.48758893  8.3332917E-06
    0.086000000     0.49083773     0.49084182  8.3332917E-06
    0.087000000     0.49404828     0.49405240  8.3332917E-06
    0.088000000     0.49721694     0.49722108  8.3332917E-06
    0.089000000     0.50034412     0.50034829  8.3332917E-06
    0.090000000     0.50343023     0.50343443  8.3332917E-06
    0.091000000     0.50647569     0.50647991  8.3332917E-06
    0.092000000     0.50948089     0.50948514  8.3332917E-06
    0.093000000     0.51244624     0.51245051  8.3332917E-06
    0.094000000     0.51537214     0.51537643  8.3332917E-06
    0.095000000     0.51825897     0.51826329  8.3332917E-06
    0.096000000     0.52110713     0.52111147  8.3332917E-06
    0.097000000     0.52391700     0.52392137  8.3332917E-06
    0.098000000     0.52668896     0.52669335  8.3332917E-06
    0.099000000     0.52942339     0.52942780  8.3332917E-06
     0.10000000     0.53212066     0.53212510  8.3332917E-06
     0.10100000     0.53478115     0.53478561  8.3332917E-06
     0.10200000     0.53740521     0.53740969  8.3332917E-06
     0.10300000     0.53999322     0.53999772  8.3332917E-06
     0.10400000     0.54254552     0.54255004  8.3332917E-06
     0.10500000     0.54506248     0.54506702  8.3332917E-06
     0.10600000     0.54754444     0.54754900  8.3332917E-06
     0.10700000     0.54999176     0.54999634  8.3332917E-06
     0.10800000     0.55240477     0.55240938  8.3332917E-06
     0.10900000     0.55478383     0.55478845  8.3332917E-06
     0.11000000     0.55712927     0.55713391  8.3332917E-06
     0.11100000     0.55944142     0.55944608  8.3332917E-06
     0.11200000     0.56172061     0.56172529  8.3332917E-06
     0.11300000     0.56396717     0.56397187  8.3332917E-06
     0.11400000     0.56618144     0.56618615  8.3332917E-06
     0.11500000     0.56836372     0.56836845  8.3332917E-06
     0.11600000     0.57051433     0.57051909  8.3332917E-06
     0.11700000     0.57263360     0.57263837  8.3332917E-06
     0.11800000     0.57472183     0.57472662  8.3332917E-06
     0.11900000     0.57677933     0.57678414  8.3332917E-06
     0.12000000     0.57880641     0.57881124  8.3332917E-06
     0.12100000     0.58080337     0.58080821  8.3332917E-06
     0.12200000     0.58277052     0.58277537  8.3332917E-06
     0.12300000     0.58470813     0.58471301  8.3332917E-06
     0.12400000     0.58661652     0.58662141  8.3332917E-06
     0.12500000     0.58849597     0.58850088  8.3332917E-06
     0.12600000     0.59034677     0.59035169  8.3332917E-06
     0.12700000     0.59216921     0.59217414  8.3332917E-06
     0.12800000     0.59396356     0.59396851  8.3332917E-06
     0.12900000     0.59573011     0.59573507  8.3332917E-06
     0.13000000     0.59746913     0.59747411  8.3332917E-06
     0.13100000     0.59918090     0.59918589  8.3332917E-06
     0.13200000     0.60086568     0.60087069  8.3332917E-06
     0.13300000     0.60252376     0.60252878  8.3332917E-06
     0.13400000     0.60415538     0.60416042  8.3332917E-06
     0.13500000     0.60576082     0.60576587  8.3332917E-06
     0.13600000     0.60734034     0.60734540  8.3332917E-06
     0.13700000     0.60889419     0.60889926  8.3332917E-06
     0.13800000     0.61042263     0.61042771  8.3332917E-06
     0.13900000     0.61192591     0.61193101  8.3332917E-06
     0.14000000     0.61340428     0.61340939  8.3332917E-06
     0.14100000     0.61485799     0.61486312  8.3332917E-06
     0.14200000     0.61628729     0.61629243  8.3332917E-06
     0.14300000     0.61769242     0.61769757  8.3332917E-06
     0.14400000     0.61907362     0.61907878  8.3332917E-06
     0.14500000     0.62043112     0.62043629  8.3332917E-06
     0.14600000     0.62176517     0.62177035  8.3332917E-06
     0.14700000     0.62307600     0.62308119  8.3332917E-06
     0.14800000     0.62436383     0.62436903  8.3332917E-06
     0.14900000     0.62562890     0.62563411  8.3332917E-06
     0.15000000     0.62687143     0.62687665  8.3332917E-06
     0.15100000     0.62809164     0.62809688  8.3332917E-06
     0.15200000     0.62928977     0.62929501  8.3332917E-06
     0.15300000     0.63046602     0.63047128  8.3332917E-06
     0.15400000     0.63162063     0.63162589  8.3332917E-06
     0.15500000     0.63275379     0.63275906  8.3332917E-06
     0.15600000     0.63386573     0.63387101  8.3332917E-06
     0.15700000     0.63495665     0.63496195  8.3332917E-06
     0.15800000     0.63602677     0.63603207  8.3332917E-06
     0.15900000     0.63707630     0.63708161  8.3332917E-06
     0.16000000     0.63810543     0.63811075  8.3332917E-06
     0.16100000     0.63911437     0.63911970  8.3332917E-06
     0.16200000     0.64010332     0.64010866  8.3332917E-06
     0.16300000     0.64107248     0.64107783  8.3332917E-06
     0.16400000     0.64202205     0.64202740  8.3332917E-06
     0.16500000     0.64295222     0.64295758  8.3332917E-06
     0.16600000     0.64386319     0.64386856  8.3332917E-06
     0.16700000     0.64475514     0.64476052  8.3332917E-06
     0.16800000     0.64562827     0.64563365  8.3332917E-06
     0.16900000     0.64648276     0.64648815  8.3332917E-06
     0.17000000     0.64731880     0.64732419  8.3332917E-06
     0.17100000     0.64813657     0.64814197  8.3332917E-06
     0.17200000     0.64893625     0.64894166  8.3332917E-06
     0.17300000     0.64971803     0.64972344  8.3332917E-06
     0.17400000     0.65048208     0.65048750  8.3332917E-06
     0.17500000     0.65122857     0.65123400  8.3332917E-06
     0.17600000     0.65195769     0.65196313  8.3332917E-06
     0.17700000     0.65266961     0.65267505  8.3332917E-06
     0.17800000     0.65336449     0.65336993  8.3332917E-06
     0.17900000     0.65404251     0.65404796  8.3332917E-06
     0.18000000     0.65470383     0.65470928  8.3332917E-06
     0.18100000     0.65534862     0.65535408  8.3332917E-06
     0.18200000     0.65597705     0.65598251  8.3332917E-06
     0.18300000     0.65658927     0.65659474  8.3332917E-06
     0.18400000     0.65718545     0.65719093  8.3332917E-06
     0.18500000     0.65776575     0.65777123  8.3332917E-06
     0.18600000     0.65833033     0.65833581  8.3332917E-06
     0.18700000     0.65887934     0.65888483  8.3332917E-06
     0.18800000     0.65941293     0.65941843  8.3332917E-06
     0.18900000     0.65993127     0.65993677  8.3332917E-06
     0.19000000     0.66043450     0.66044001  8.3332917E-06
     0.19100000     0.66092278     0.66092828  8.3332917E-06
     0.19200000     0.66139624     0.66140175  8.3332917E-06
     0.19300000     0.66185505     0.66186056  8.3332917E-06
     0.19400000     0.66229934     0.66230486  8.3332917E-06
     0.19500000     0.66272926     0.66273478  8.3332917E-06
     0.19600000     0.66314495     0.66315048  8.3332917E-06
     0.19700000     0.66354656     0.66355209  8.3332917E-06
     0.19800000     0.66393422     0.66393975  8.3332917E-06
     0.19900000     0.66430807     0.66431361  8.3332917E-06
     0.20000000     0.66466826     0.66467380  8.3332917E-06
     0.20100000     0.66501491     0.66502045  8.3332917E-06
     0.20200000     0.66534816     0.66535371  8.3332917E-06
     0.20300000     0.66566815     0.66567370  8.3332917E-06
     0.20400000     0.66597500     0.66598055  8.3332917E-06
     0.20500000     0.66626885     0.66627440  8.3332917E-06
     0.20600000     0.66654983     0.66655538  8.3332917E-06
     0.20700000     0.66681806     0.66682362  8.3332917E-06
     0.20800000     0.66707367     0.66707923  8.3332917E-06
     0.20900000     0.66731679     0.66732235  8.3332917E-06
     0.21000000     0.66754754     0.66755311  8.3332917E-06
     0.21100000     0.66776605     0.66777161  8.3332917E-06
     0.21200000     0.66797243     0.66797800  8.3332917E-06
     0.21300000     0.66816681     0.66817238  8.3332917E-06
     0.21400000     0.66834930     0.66835487  8.3332917E-06
     0.21500000     0.66852003     0.66852560  8.3332917E-06
     0.21600000     0.66867911     0.66868469  8.3332917E-06
     0.21700000     0.66882666     0.66883223  8.3332917E-06
     0.21800000     0.66896279     0.66896837  8.3332917E-06
     0.21900000     0.66908762     0.66909319  8.3332917E-06
     0.22000000     0.66920125     0.66920683  8.3332917E-06
     0.22100000     0.66930381     0.66930938  8.3332917E-06
     0.22200000     0.66939539     0.66940097  8.3332917E-06
     0.22300000     0.66947612     0.66948169  8.3332917E-06
     0.22400000     0.66954609     0.66955167  8.3332917E-06
     0.22500000     0.66960541     0.66961099  8.3332917E-06
     0.22600000     0.66965420     0.66965978  8.3332917E-06
     0.22700000     0.66969254     0.66969813  8.3332917E-06
     0.22800000     0.66972056     0.66972614  8.3332917E-06
     0.22900000     0.66973835     0.66974393  8.3332917E-06
     0.23000000     0.66974602     0.66975160  8.3332917E-06
     0.23100000     0.66974365     0.66974924  8.3332917E-06
     0.23200000     0.66973137     0.66973695  8.3332917E-06
     0.23300000     0.66970925     0.66971483  8.3332917E-06
     0.23400000     0.66967740     0.66968299  8.3332917E-06
     0.23500000     0.66963593     0.66964151  8.3332917E-06
     0.23600000     0.66958491     0.66959049  8.3332917E-06
     0.23700000     0.66952445     0.66953003  8.3332917E-06
     0.23800000     0.66945465     0.66946023  8.3332917E-06
     0.23900000     0.66937559     0.66938117  8.3332917E-06
     0.24000000     0.66928737     0.66929294  8.3332917E-06
     0.24100000     0.66919007     0.66919565  8.3332917E-06
     0.24200000     0.66908379     0.66908937  8.3332917E-06
     0.24300000     0.66896862     0.66897420  8.3332917E-06
     0.24400000     0.66884465     0.66885023  8.3332917E-06
     0.24500000     0.66871196     0.66871754  8.3332917E-06
     0.24600000     0.66857065     0.66857622  8.3332917E-06
     0.24700000     0.66842078     0.66842635  8.3332917E-06
     0.24800000     0.66826246     0.66826803  8.3332917E-06
     0.24900000     0.66809577     0.66810134  8.3332917E-06
     0.25000000     0.66792079     0.66792635  8.3332917E-06
     0.25100000     0.66773759     0.66774316  8.3332917E-06
     0.25200000     0.66754627     0.66755183  8.3332917E-06
     0.25300000     0.66734690     0.66735247  8.3332917E-06
     0.25400000     0.66713957     0.66714513  8.3332917E-06
     0.25500000     0.66692435     0.66692991  8.3332917E-06
     0.25600000     0.66670133     0.66670688  8.3332917E-06
     0.25700000     0.66647057     0.66647612  8.3332917E-06
     0.25800000     0.66623216     0.66623771  8.3332917E-06
     0.25900000     0.66598617     0.66599172  8.3332917E-06
     0.26000000     0.66573268     0.66573823  8.3332917E-06
     0.26100000     0.66547176     0.66547731  8.3332917E-06
     0.26200000     0.66520349     0.66520903  8.3332917E-06
     0.26300000     0.66492794     0.66493348  8.3332917E-06
     0.26400000     0.66464518     0.66465072  8.3332917E-06
     0.26500000     0.66435528     0.66436082  8.3332917E-06
     0.26600000     0.66405832     0.66406385  8.3332917E-06
     0.26700000     0.66375437     0.66375990  8.3332917E-06
     0.26800000     0.66344348     0.66344901  8.3332917E-06
     0.26900000     0.66312575     0.66313127  8.3332917E-06
     0.27000000     0.66280122     0.66280675  8.3332917E-06
     0.27100000     0.66246998     0.66247550  8.3332917E-06
     0.27200000     0.66213208     0.66213759  8.3332917E-06
     0.27300000     0.66178759     0.66179310  8.3332917E-06
     0.27400000     0.66143658     0.66144209  8.3332917E-06
     0.27500000     0.66107911     0.66108462  8.3332917E-06
     0.27600000     0.66071526     0.66072076  8.3332917E-06
     0.27700000     0.66034507     0.66035057  8.3332917E-06
     0.27800000     0.65996861     0.65997411  8.3332917E-06
     0.27900000     0.65958596     0.65959145  8.3332917E-06
     0.28000000     0.65919716     0.65920265  8.3332917E-06
     0.28100000     0.65880227     0.65880776  8.3332917E-06
     0.28200000     0.65840137     0.65840686  8.3332917E-06
     0.28300000     0.65799451     0.65799999  8.3332917E-06
     0.28400000     0.65758175     0.65758723  8.3332917E-06
     0.28500000     0.65716314     0.65716862  8.3332917E-06
     0.28600000     0.65673875     0.65674422  8.3332917E-06
     0.28700000     0.65630863     0.65631410  8.3332917E-06
     0.28800000     0.65587285     0.65587831  8.3332918E-06
     0.28900000     0.65543145     0.65543691  8.3332918E-06
     0.29000000     0.65498449     0.65498995  8.3332918E-06
     0.29100000     0.65453203     0.65453748  8.3332918E-06
     0.29200000     0.65407412     0.65407957  8.3332918E-06
     0.29300000     0.65361082     0.65361626  8.3332918E-06
     0.29400000     0.65314218     0.65314762  8.3332918E-06
     0.29500000     0.65266825     0.65267369  8.3332918E-06
     0.29600000     0.65218909     0.65219452  8.3332918E-06
     0.29700000     0.65170474     0.65171017  8.3332918E-06
     0.29800000     0.65121527     0.65122070  8.3332918E-06
     0.29900000     0.65072072     0.65072614  8.3332918E-06
     0.30000000     0.65022113     0.65022655  8.3332918E-06
     0.30100000     0.64971657     0.64972199  8.3332918E-06
     0.30200000     0.64920708     0.64921249  8.3332918E-06
     0.30300000     0.64869271     0.64869812  8.3332918E-06
     0.30400000     0.64817351     0.64817891  8.3332918E-06
     0.30500000     0.64764953     0.64765492  8.3332918E-06
     0.30600000     0.64712080     0.64712620  8.3332918E-06
     0.30700000     0.64658739     0.64659278  8.3332918E-06
     0.30800000     0.64604934     0.64605473  8.3332918E-06
     0.30900000     0.64550669     0.64551207  8.3332918E-06
     0.31000000     0.64495950     0.64496487  8.3332918E-06
     0.31100000     0.64440779     0.64441316  8.3332918E-06
     0.31200000     0.64385163     0.64385700  8.3332918E-06
     0.31300000     0.64329105     0.64329641  8.3332918E-06
     0.31400000     0.64272610     0.64273146  8.3332918E-06
     0.31500000     0.64215682     0.64216217  8.3332918E-06
     0.31600000     0.64158326     0.64158861  8.3332918E-06
     0.31700000     0.64100545     0.64101079  8.3332918E-06
     0.31800000     0.64042345     0.64042878  8.3332918E-06
     0.31900000     0.63983728     0.63984261  8.3332918E-06
     0.32000000     0.63924700     0.63925232  8.3332918E-06
     0.32100000     0.63865264     0.63865796  8.3332918E-06
     0.32200000     0.63805424     0.63805956  8.3332918E-06
     0.32300000     0.63745185     0.63745717  8.3332918E-06
     0.32400000     0.63684551     0.63685081  8.3332918E-06
     0.32500000     0.63623525     0.63624055  8.3332918E-06
     0.32600000     0.63562111     0.63562640  8.3332918E-06
     0.32700000     0.63500313     0.63500842  8.3332918E-06
     0.32800000     0.63438135     0.63438663  8.3332918E-06
     0.32900000     0.63375581     0.63376109  8.3332918E-06
     0.33000000     0.63312654     0.63313181  8.3332918E-06
     0.33100000     0.63249358     0.63249885  8.3332918E-06
     0.33200000     0.63185698     0.63186224  8.3332918E-06
     0.33300000     0.63121675     0.63122201  8.3332918E-06
     0.33400000     0.63057295     0.63057821  8.3332918E-06
     0.33500000     0.62992561     0.62993085  8.3332918E-06
     0.33600000     0.62927475     0.62928000  8.3332918E-06
     0.33700000     0.62862042     0.62862566  8.3332918E-06
     0.33800000     0.62796266     0.62796789  8.3332918E-06
     0.33900000     0.62730149     0.62730671  8.3332918E-06
     0.34000000     0.62663694     0.62664217  8.3332918E-06
     0.34100000     0.62596906     0.62597428  8.3332918E-06
     0.34200000     0.62529788     0.62530309  8.3332918E-06
     0.34300000     0.62462343     0.62462863  8.3332918E-06
     0.34400000     0.62394573     0.62395093  8.3332918E-06
     0.34500000     0.62326483     0.62327003  8.3332918E-06
     0.34600000     0.62258076     0.62258595  8.3332918E-06
     0.34700000     0.62189354     0.62189872  8.3332918E-06
     0.34800000     0.62120321     0.62120839  8.3332918E-06
     0.34900000     0.62050980     0.62051497  8.3332918E-06
     0.35000000     0.61981334     0.61981851  8.3332918E-06
     0.35100000     0.61911386     0.61911902  8.3332918E-06
     0.35200000     0.61841139     0.61841655  8.3332918E-06
     0.35300000     0.61770596     0.61771111  8.3332918E-06
     0.35400000     0.61699760     0.61700274  8.3332918E-06
     0.35500000     0.61628634     0.61629148  8.3332918E-06
     0.35600000     0.61557221     0.61557734  8.3332918E-06
     0.35700000     0.61485523     0.61486035  8.3332918E-06
     0.35800000     0.61413544     0.61414055  8.3332918E-06
     0.35900000     0.61341286     0.61341797  8.3332918E-06
     0.36000000     0.61268752     0.61269262  8.3332918E-06
     0.36100000     0.61195944     0.61196454  8.3332918E-06
     0.36200000     0.61122866     0.61123376  8.3332918E-06
     0.36300000     0.61049521     0.61050030  8.3332918E-06
     0.36400000     0.60975910     0.60976418  8.3332918E-06
     0.36500000     0.60902037     0.60902544  8.3332918E-06
     0.36600000     0.60827903     0.60828410  8.3332918E-06
     0.36700000     0.60753513     0.60754019  8.3332918E-06
     0.36800000     0.60678868     0.60679373  8.3332918E-06
     0.36900000     0.60603970     0.60604475  8.3332918E-06
     0.37000000     0.60528823     0.60529327  8.3332918E-06
     0.37100000     0.60453428     0.60453932  8.3332918E-06
     0.37200000     0.60377789     0.60378292  8.3332918E-06
     0.37300000     0.60301907     0.60302410  8.3332918E-06
     0.37400000     0.60225786     0.60226288  8.3332918E-06
     0.37500000     0.60149427     0.60149928  8.3332918E-06
     0.37600000     0.60072832     0.60073333  8.3332918E-06
     0.37700000     0.59996005     0.59996505  8.3332918E-06
     0.37800000     0.59918948     0.59919447  8.3332918E-06
     0.37900000     0.59841662     0.59842160  8.3332918E-06
     0.38000000     0.59764150     0.59764648  8.3332918E-06
     0.38100000     0.59686414     0.59686912  8.3332918E-06
     0.38200000     0.59608457     0.59608954  8.3332918E-06
     0.38300000     0.59530281     0.59530777  8.3332918E-06
     0.38400000     0.59451888     0.59452383  8.3332918E-06
     0.38500000     0.59373279     0.59373774  8.3332918E-06
     0.38600000     0.59294458     0.59294952  8.3332918E-06
     0.38700000     0.59215427     0.59215920  8.3332918E-06
     0.38800000     0.59136186     0.59136679  8.3332918E-06
     0.38900000     0.59056739     0.59057231  8.3332918E-06
     0.39000000     0.58977088     0.58977579  8.3332919E-06
     0.39100000     0.58897234     0.58897725  8.3332919E-06
     0.39200000     0.58817180     0.58817670  8.3332919E-06
     0.39300000     0.58736927     0.58737417  8.3332919E-06
     0.39400000     0.58656478     0.58656967  8.3332919E-06
     0.39500000     0.58575835     0.58576323  8.3332919E-06
     0.39600000     0.58494999     0.58495486  8.3332919E-06
     0.39700000     0.58413972     0.58414459  8.3332919E-06
     0.39800000     0.58332757     0.58333243  8.3332919E-06
     0.39900000     0.58251355     0.58251840  8.3332919E-06
     0.40000000     0.58169767     0.58170252  8.3332919E-06
     0.40100000     0.58087997     0.58088481  8.3332919E-06
     0.40200000     0.58006045     0.58006529  8.3332919E-06
     0.40300000     0.57923914     0.57924397  8.3332919E-06
     0.40400000     0.57841605     0.57842087  8.3332919E-06
     0.40500000     0.57759120     0.57759601  8.3332919E-06
     0.40600000     0.57676461     0.57676941  8.3332919E-06
     0.40700000     0.57593629     0.57594109  8.3332919E-06
     0.40800000     0.57510626     0.57511106  8.3332919E-06
     0.40900000     0.57427455     0.57427934  8.3332919E-06
     0.41000000     0.57344116     0.57344594  8.3332919E-06
     0.41100000     0.57260611     0.57261088  8.3332919E-06
     0.41200000     0.57176943     0.57177419  8.3332919E-06
     0.41300000     0.57093111     0.57093587  8.3332919E-06
     0.41400000     0.57009119     0.57009594  8.3332919E-06
     0.41500000     0.56924968     0.56925442  8.3332919E-06
     0.41600000     0.56840659     0.56841133  8.3332919E-06
     0.41700000     0.56756194     0.56756667  8.3332919E-06
     0.41800000     0.56671575     0.56672047  8.3332919E-06
     0.41900000     0.56586802     0.56587274  8.3332919E-06
     0.42000000     0.56501878     0.56502349  8.3332919E-06
     0.42100000     0.56416804     0.56417275  8.3332919E-06
     0.42200000     0.56331582     0.56332051  8.3332919E-06
     0.42300000     0.56246213     0.56246681  8.3332919E-06
     0.42400000     0.56160698     0.56161166  8.3332919E-06
     0.42500000     0.56075039     0.56075506  8.3332919E-06
     0.42600000     0.55989237     0.55989704  8.3332919E-06
     0.42700000     0.55903294     0.55903760  8.3332919E-06
     0.42800000     0.55817212     0.55817677  8.3332919E-06
     0.42900000     0.55730991     0.55731455  8.3332919E-06
     0.43000000     0.55644633     0.55645096  8.3332919E-06
     0.43100000     0.55558139     0.55558602  8.3332919E-06
     0.43200000     0.55471511     0.55471973  8.3332919E-06
     0.43300000     0.55384750     0.55385211  8.3332919E-06
     0.43400000     0.55297857     0.55298318  8.3332919E-06
     0.43500000     0.55210834     0.55211294  8.3332919E-06
     0.43600000     0.55123681     0.55124141  8.3332919E-06
     0.43700000     0.55036401     0.55036860  8.3332919E-06
     0.43800000     0.54948995     0.54949453  8.3332919E-06
     0.43900000     0.54861463     0.54861920  8.3332919E-06
     0.44000000     0.54773807     0.54774264  8.3332919E-06
     0.44100000     0.54686029     0.54686484  8.3332919E-06
     0.44200000     0.54598128     0.54598583  8.3332919E-06
     0.44300000     0.54510108     0.54510562  8.3332919E-06
     0.44400000     0.54421968     0.54422422  8.3332919E-06
     0.44500000     0.54333711     0.54334164  8.3332919E-06
     0.44600000     0.54245336     0.54245789  8.3332919E-06
     0.44700000     0.54156846     0.54157298  8.3332919E-06
     0.44800000     0.54068242     0.54068693  8.3332919E-06
     0.44900000     0.53979524     0.53979974  8.3332919E-06
     0.45000000     0.53890694     0.53891143  8.3332919E-06
     0.45100000     0.53801753     0.53802202  8.3332919E-06
     0.45200000     0.53712702     0.53713150  8.3332919E-06
     0.45300000     0.53623542     0.53623989  8.3332919E-06
     0.45400000     0.53534274     0.53534721  8.3332919E-06
     0.45500000     0.53444900     0.53445345  8.3332919E-06
     0.45600000     0.53355420     0.53355864  8.3332919E-06
     0.45700000     0.53265835     0.53266279  8.3332919E-06
     0.45800000     0.53176147     0.53176590  8.3332919E-06
     0.45900000     0.53086356     0.53086798  8.3332919E-06
     0.46000000     0.52996463     0.52996905  8.3332919E-06
     0.46100000     0.52906470     0.52906911  8.3332919E-06
     0.46200000     0.52816378     0.52816818  8.3332919E-06
     0.46300000     0.52726187     0.52726626  8.3332920E-06
     0.46400000     0.52635898     0.52636337  8.3332920E-06
     0.46500000     0.52545513     0.52545951  8.3332920E-06
     0.46600000     0.52455032     0.52455469  8.3332920E-06
     0.46700000     0.52364457     0.52364893  8.3332920E-06
     0.46800000     0.52273788     0.52274223  8.3332920E-06
     0.46900000     0.52183026     0.52183461  8.3332920E-06
     0.47000000     0.52092172     0.52092606  8.3332920E-06
     0.47100000     0.52001227     0.52001661  8.3332920E-06
     0.47200000     0.51910192     0.51910625  8.3332920E-06
     0.47300000     0.51819068     0.51819500  8.3332920E-06
     0.47400000     0.51727856     0.51728287  8.3332920E-06
     0.47500000     0.51636557     0.51636987  8.3332920E-06
     0.47600000     0.51545171     0.51545600  8.3332920E-06
     0.47700000     0.51453699     0.51454128  8.3332920E-06
     0.47800000     0.51362142     0.51362570  8.3332920E-06
     0.47900000     0.51270502     0.51270929  8.3332920E-06
     0.48000000     0.51178778     0.51179204  8.3332920E-06
     0.48100000     0.51086972     0.51087398  8.3332920E-06
     0.48200000     0.50995085     0.50995510  8.3332920E-06
     0.48300000     0.50903116     0.50903541  8.3332920E-06
     0.48400000     0.50811069     0.50811492  8.3332920E-06
     0.48500000     0.50718941     0.50719364  8.3332920E-06
     0.48600000     0.50626736     0.50627158  8.3332920E-06
     0.48700000     0.50534453     0.50534874  8.3332920E-06
     0.48800000     0.50442094     0.50442514  8.3332920E-06
     0.48900000     0.50349658     0.50350078  8.3332920E-06
     0.49000000     0.50257147     0.50257566  8.3332920E-06
     0.49100000     0.50164562     0.50164980  8.3332920E-06
     0.49200000     0.50071903     0.50072321  8.3332920E-06
     0.49300000     0.49979171     0.49979588  8.3332920E-06
     0.49400000     0.49886367     0.49886783  8.3332920E-06
     0.49500000     0.49793491     0.49793906  8.3332920E-06
     0.49600000     0.49700545     0.49700959  8.3332920E-06
     0.49700000     0.49607528     0.49607942  8.3332920E-06
     0.49800000     0.49514442     0.49514855  8.3332920E-06
     0.49900000     0.49421287     0.49421699  8.3332920E-06
     0.50000000     0.49328064     0.49328475  8.3332920E-06
     0.50100000     0.49234774     0.49235184  8.3332920E-06
     0.50200000     0.49141417     0.49141826  8.3332920E-06
     0.50300000     0.49047994     0.49048403  8.3332920E-06
     0.50400000     0.48954505     0.48954913  8.3332920E-06
     0.50500000     0.48860952     0.48861359  8.3332920E-06
     0.50600000     0.48767335     0.48767741  8.3332920E-06
     0.50700000     0.48673654     0.48674060  8.3332920E-06
     0.50800000     0.48579911     0.48580315  8.3332920E-06
     0.50900000     0.48486105     0.48486509  8.3332920E-06
     0.51000000     0.48392237     0.48392641  8.3332920E-06
     0.51100000     0.48298309     0.48298712  8.3332920E-06
     0.51200000     0.48204320     0.48204722  8.3332920E-06
     0.51300000     0.48110272     0.48110673  8.3332920E-06
     0.51400000     0.48016164     0.48016565  8.3332920E-06
     0.51500000     0.47921998     0.47922398  8.3332920E-06
     0.51600000     0.47827774     0.47828173  8.3332920E-06
     0.51700000     0.47733493     0.47733890  8.3332920E-06
     0.51800000     0.47639154     0.47639551  8.3332920E-06
     0.51900000     0.47544759     0.47545156  8.3332920E-06
     0.52000000     0.47450309     0.47450704  8.3332920E-06
     0.52100000     0.47355803     0.47356198  8.3332920E-06
     0.52200000     0.47261243     0.47261637  8.3332920E-06
     0.52300000     0.47166629     0.47167022  8.3332920E-06
     0.52400000     0.47071961     0.47072353  8.3332920E-06
     0.52500000     0.46977240     0.46977632  8.3332920E-06
     0.52600000     0.46882467     0.46882858  8.3332920E-06
     0.52700000     0.46787642     0.46788032  8.3332920E-06
     0.52800000     0.46692765     0.46693154  8.3332920E-06
     0.52900000     0.46597837     0.46598226  8.3332920E-06
     0.53000000     0.46502859     0.46503247  8.3332920E-06
     0.53100000     0.46407831     0.46408218  8.3332920E-06
     0.53200000     0.46312754     0.46313140  8.3332920E-06
     0.53300000     0.46217628     0.46218013  8.3332920E-06
     0.53400000     0.46122453     0.46122837  8.3332920E-06
     0.53500000     0.46027230     0.46027614  8.3332920E-06
     0.53600000     0.45931960     0.45932343  8.3332920E-06
     0.53700000     0.45836643     0.45837025  8.3332920E-06
     0.53800000     0.45741279     0.45741660  8.3332920E-06
     0.53900000     0.45645869     0.45646250  8.3332920E-06
     0.54000000     0.45550414     0.45550794  8.3332920E-06
     0.54100000     0.45454913     0.45455292  8.3332920E-06
     0.54200000     0.45359368     0.45359746  8.3332920E-06
     0.54300000     0.45263778     0.45264156  8.3332920E-06
     0.54400000     0.45168145     0.45168521  8.3332920E-06
     0.54500000     0.45072468     0.45072844  8.3332920E-06
     0.54600000     0.44976748     0.44977123  8.3332920E-06
     0.54700000     0.44880986     0.44881360  8.3332920E-06
     0.54800000     0.44785182     0.44785555  8.3332920E-06
     0.54900000     0.44689336     0.44689708  8.3332920E-06
     0.55000000     0.44593448     0.44593820  8.3332920E-06
     0.55100000     0.44497520     0.44497891  8.3332920E-06
     0.55200000     0.44401551     0.44401921  8.3332920E-06
     0.55300000     0.44305542     0.44305912  8.3332920E-06
     0.55400000     0.44209494     0.44209862  8.3332920E-06
     0.55500000     0.44113406     0.44113774  8.3332920E-06
     0.55600000     0.44017280     0.44017647  8.3332920E-06
     0.55700000     0.43921115     0.43921481  8.3332920E-06
     0.55800000     0.43824912     0.43825277  8.3332920E-06
     0.55900000     0.43728671     0.43729035  8.3332920E-06
     0.56000000     0.43632392     0.43632756  8.3332920E-06
     0.56100000     0.43536077     0.43536440  8.3332920E-06
     0.56200000     0.43439725     0.43440087  8.3332920E-06
     0.56300000     0.43343337     0.43343698  8.3332920E-06
     0.56400000     0.43246913     0.43247274  8.3332920E-06
     0.56500000     0.43150454     0.43150813  8.3332920E-06
     0.56600000     0.43053959     0.43054318  8.3332920E-06
     0.56700000     0.42957430     0.42957788  8.3332920E-06
     0.56800000     0.42860866     0.42861223  8.3332920E-06
     0.56900000     0.42764268     0.42764624  8.3332920E-06
     0.57000000     0.42667636     0.42667991  8.3332920E-06
     0.57100000     0.42570970     0.42571325  8.3332920E-06
     0.57200000     0.42474272     0.42474626  8.3332920E-06
     0.57300000     0.42377541     0.42377894  8.3332920E-06
     0.57400000     0.42280777     0.42281129  8.3332920E-06
     0.57500000     0.42183981     0.42184332  8.3332920E-06
     0.57600000     0.42087153     0.42087504  8.3332920E-06
     0.57700000     0.41990294     0.41990644  8.3332920E-06
     0.57800000     0.41893403     0.41893753  8.3332920E-06
     0.57900000     0.41796482     0.41796830  8.3332920E-06
     0.58000000     0.41699530     0.41699878  8.3332920E-06
     0.58100000     0.41602548     0.41602895  8.3332920E-06
     0.58200000     0.41505536     0.41505882  8.3332920E-06
     0.58300000     0.41408494     0.41408839  8.3332920E-06
     0.58400000     0.41311423     0.41311767  8.3332920E-06
     0.58500000     0.41214323     0.41214666  8.3332920E-06
     0.58600000     0.41117193     0.41117536  8.3332920E-06
     0.58700000     0.41020036     0.41020378  8.3332920E-06
     0.58800000     0.40922850     0.40923191  8.3332920E-06
     0.58900000     0.40825636     0.40825976  8.3332920E-06
     0.59000000     0.40728395     0.40728734  8.3332920E-06
     0.59100000     0.40631126     0.40631464  8.3332920E-06
     0.59200000     0.40533830     0.40534168  8.3332920E-06
     0.59300000     0.40436507     0.40436844  8.3332920E-06
     0.59400000     0.40339158     0.40339494  8.3332920E-06
     0.59500000     0.40241782     0.40242117  8.3332920E-06
     0.59600000     0.40144380     0.40144715  8.3332920E-06
     0.59700000     0.40046953     0.40047286  8.3332920E-06
     0.59800000     0.39949499     0.39949832  8.3332920E-06
     0.59900000     0.39852021     0.39852353  8.3332920E-06
     0.60000000     0.39754517     0.39754849  8.3332920E-06
     0.60100000     0.39656989     0.39657320  8.3332920E-06
     0.60200000     0.39559436     0.39559766  8.3332920E-06
     0.60300000     0.39461859     0.39462188  8.3332920E-06
     0.60400000     0.39364258     0.39364586  8.3332920E-06
     0.60500000     0.39266633     0.39266960  8.3332920E-06
     0.60600000     0.39168985     0.39169311  8.3332920E-06
     0.60700000     0.39071313     0.39071638  8.3332920E-06
     0.60800000     0.38973618     0.38973943  8.3332920E-06
     0.60900000     0.38875900     0.38876224  8.3332920E-06
     0.61000000     0.38778159     0.38778483  8.3332920E-06
     0.61100000     0.38680397     0.38680719  8.3332920E-06
     0.61200000     0.38582611     0.38582933  8.3332920E-06
     0.61300000     0.38484804     0.38485125  8.3332920E-06
     0.61400000     0.38386975     0.38387295  8.3332920E-06
     0.61500000     0.38289125     0.38289444  8.3332920E-06
     0.61600000     0.38191253     0.38191571  8.3332920E-06
     0.61700000     0.38093360     0.38093678  8.3332920E-06
     0.61800000     0.37995446     0.37995763  8.3332920E-06
     0.61900000     0.37897512     0.37897828  8.3332920E-06
     0.62000000     0.37799557     0.37799872  8.3332920E-06
     0.62100000     0.37701581     0.37701896  8.3332920E-06
     0.62200000     0.37603586     0.37603899  8.3332920E-06
     0.62300000     0.37505571     0.37505883  8.3332920E-06
     0.62400000     0.37407536     0.37407847  8.3332920E-06
     0.62500000     0.37309481     0.37309792  8.3332920E-06
     0.62600000     0.37211407     0.37211717  8.3332920E-06
     0.62700000     0.37113314     0.37113624  8.3332920E-06
     0.62800000     0.37015203     0.37015511  8.3332920E-06
     0.62900000     0.36917072     0.36917380  8.3332920E-06
     0.63000000     0.36818923     0.36819230  8.3332920E-06
     0.63100000     0.36720755     0.36721061  8.3332920E-06
     0.63200000     0.36622570     0.36622875  8.3332920E-06
     0.63300000     0.36524366     0.36524670  8.3332920E-06
     0.63400000     0.36426145     0.36426448  8.3332920E-06
     0.63500000     0.36327905     0.36328208  8.3332920E-06
     0.63600000     0.36229649     0.36229951  8.3332920E-06
     0.63700000     0.36131375     0.36131676  8.3332920E-06
     0.63800000     0.36033084     0.36033384  8.3332920E-06
     0.63900000     0.35934776     0.35935075  8.3332920E-06
     0.64000000     0.35836451     0.35836750  8.3332920E-06
     0.64100000     0.35738110     0.35738408  8.3332920E-06
     0.64200000     0.35639752     0.35640049  8.3332920E-06
     0.64300000     0.35541378     0.35541674  8.3332920E-06
     0.64400000     0.35442988     0.35443283  8.3332920E-06
     0.64500000     0.35344582     0.35344876  8.3332920E-06
     0.64600000     0.35246160     0.35246453  8.3332920E-06
     0.64700000     0.35147722     0.35148015  8.3332920E-06
     0.64800000     0.35049269     0.35049561  8.3332920E-06
     0.64900000     0.34950800     0.34951092  8.3332920E-06
     0.65000000     0.34852317     0.34852607  8.3332920E-06
     0.65100000     0.34753818     0.34754108  8.3332920E-06
     0.65200000     0.34655304     0.34655593  8.3332920E-06
     0.65300000     0.34556776     0.34557064  8.3332920E-06
     0.65400000     0.34458233     0.34458520  8.3332920E-06
     0.65500000     0.34359676     0.34359962  8.3332920E-06
     0.65600000     0.34261104     0.34261390  8.3332920E-06
     0.65700000     0.34162518     0.34162803  8.3332920E-06
     0.65800000     0.34063919     0.34064202  8.3332920E-06
     0.65900000     0.33965305     0.33965588  8.3332920E-06
     0.66000000     0.33866677     0.33866960  8.3332920E-06
     0.66100000     0.33768036     0.33768318  8.3332920E-06
     0.66200000     0.33669382     0.33669662  8.3332920E-06
     0.66300000     0.33570714     0.33570994  8.3332920E-06
     0.66400000     0.33472033     0.33472312  8.3332920E-06
     0.66500000     0.33373339     0.33373617  8.3332920E-06
     0.66600000     0.33274632     0.33274909  8.3332920E-06
     0.66700000     0.33175912     0.33176188  8.3332920E-06
     0.66800000     0.33077179     0.33077455  8.3332920E-06
     0.66900000     0.32978434     0.32978709  8.3332920E-06
     0.67000000     0.32879677     0.32879951  8.3332920E-06
     0.67100000     0.32780907     0.32781180  8.3332920E-06
     0.67200000     0.32682125     0.32682397  8.3332920E-06
     0.67300000     0.32583331     0.32583602  8.3332920E-06
     0.67400000     0.32484525     0.32484795  8.3332920E-06
     0.67500000     0.32385707     0.32385977  8.3332920E-06
     0.67600000     0.32286877     0.32287146  8.3332920E-06
     0.67700000     0.32188036     0.32188304  8.3332920E-06
     0.67800000     0.32089183     0.32089451  8.3332920E-06
     0.67900000     0.31990319     0.31990586  8.3332920E-06
     0.68000000     0.31891444     0.31891710  8.3332920E-06
     0.68100000     0.31792558     0.31792822  8.3332920E-06
     0.68200000     0.31693660     0.31693924  8.3332920E-06
     0.68300000     0.31594752     0.31595015  8.3332920E-06
     0.68400000     0.31495833     0.31496095  8.3332920E-06
     0.68500000     0.31396903     0.31397164  8.3332920E-06
     0.68600000     0.31297962     0.31298223  8.3332920E-06
     0.68700000     0.31199011     0.31199271  8.3332920E-06
     0.68800000     0.31100050     0.31100309  8.3332920E-06
     0.68900000     0.31001078     0.31001337  8.3332920E-06
     0.69000000     0.30902097     0.30902354  8.3332920E-06
     0.69100000     0.30803105     0.30803361  8.3332920E-06
     0.69200000     0.30704103     0.30704359  8.3332920E-06
     0.69300000     0.30605091     0.30605346  8.3332920E-06
     0.69400000     0.30506070     0.30506324  8.3332920E-06
     0.69500000     0.30407038     0.30407292  8.3332920E-06
     0.69600000     0.30307998     0.30308250  8.3332920E-06
     0.69700000     0.30208947     0.30209199  8.3332920E-06
     0.69800000     0.30109888     0.30110139  8.3332920E-06
     0.69900000     0.30010819     0.30011069  8.3332920E-06
     0.70000000     0.29911741     0.29911990  8.3332920E-06
     0.70100000     0.29812653     0.29812902  8.3332920E-06
     0.70200000     0.29713557     0.29713805  8.3332920E-06
     0.70300000     0.29614452     0.29614698  8.3332920E-06
     0.70400000     0.29515338     0.29515583  8.3332920E-06
     0.70500000     0.29416215     0.29416460  8.3332920E-06
     0.70600000     0.29317083     0.29317327  8.3332920E-06
     0.70700000     0.29217943     0.29218186  8.3332920E-06
     0.70800000     0.29118794     0.29119037  8.3332920E-06
     0.70900000     0.29019637     0.29019879  8.3332920E-06
     0.71000000     0.28920472     0.28920713  8.3332919E-06
     0.71100000     0.28821298     0.28821538  8.3332919E-06
     0.71200000     0.28722116     0.28722356  8.3332919E-06
     0.71300000     0.28622927     0.28623165  8.3332919E-06
     0.71400000     0.28523729     0.28523966  8.3332919E-06
     0.71500000     0.28424523     0.28424760  8.3332919E-06
     0.71600000     0.28325309     0.28325545  8.3332919E-06
     0.71700000     0.28226088     0.28226323  8.3332919E-06
     0.71800000     0.28126859     0.28127093  8.3332919E-06
     0.71900000     0.28027622     0.28027855  8.3332919E-06
     0.72000000     0.27928377     0.27928610  8.3332919E-06
     0.72100000     0.27829126     0.27829358  8.3332919E-06
     0.72200000     0.27729867     0.27730098  8.3332919E-06
     0.72300000     0.27630600     0.27630830  8.3332919E-06
     0.72400000     0.27531326     0.27531556  8.3332919E-06
     0.72500000     0.27432045     0.27432274  8.3332919E-06
     0.72600000     0.27332757     0.27332985  8.3332919E-06
     0.72700000     0.27233462     0.27233689  8.3332919E-06
     0.72800000     0.27134160     0.27134387  8.3332919E-06
     0.72900000     0.27034852     0.27035077  8.3332919E-06
     0.73000000     0.26935536     0.26935760  8.3332919E-06
     0.73100000     0.26836213     0.26836437  8.3332919E-06
     0.73200000     0.26736884     0.26737107  8.3332919E-06
     0.73300000     0.26637548     0.26637770  8.3332919E-06
     0.73400000     0.26538206     0.26538427  8.3332919E-06
     0.73500000     0.26438857     0.26439078  8.3332919E-06
     0.73600000     0.26339502     0.26339722  8.3332919E-06
     0.73700000     0.26240140     0.26240359  8.3332919E-06
     0.73800000     0.26140773     0.26140990  8.3332919E-06
     0.73900000     0.26041398     0.26041615  8.3332919E-06
     0.74000000     0.25942018     0.25942234  8.3332919E-06
     0.74100000     0.25842632     0.25842847  8.3332919E-06
     0.74200000     0.25743239     0.25743454  8.3332919E-06
     0.74300000     0.25643841     0.25644054  8.3332919E-06
     0.74400000     0.25544436     0.25544649  8.3332919E-06
     0.74500000     0.25445026     0.25445238  8.3332919E-06
     0.74600000     0.25345610     0.25345821  8.3332919E-06
     0.74700000     0.25246188     0.25246399  8.3332919E-06
     0.74800000     0.25146761     0.25146970  8.3332919E-06
     0.74900000     0.25047327     0.25047536  8.3332919E-06
     0.75000000     0.24947889     0.24948097  8.3332919E-06
     0.75100000     0.24848444     0.24848651  8.3332919E-06
     0.75200000     0.24748995     0.24749201  8.3332919E-06
     0.75300000     0.24649539     0.24649745  8.3332919E-06
     0.75400000     0.24550079     0.24550283  8.3332919E-06
     0.75500000     0.24450613     0.24450817  8.3332919E-06
     0.75600000     0.24351142     0.24351345  8.3332919E-06
     0.75700000     0.24251665     0.24251868  8.3332919E-06
     0.75800000     0.24152184     0.24152385  8.3332919E-06
     0.75900000     0.24052697     0.24052898  8.3332919E-06
     0.76000000     0.23953206     0.23953405  8.3332919E-06
     0.76100000     0.23853709     0.23853908  8.3332919E-06
     0.76200000     0.23754207     0.23754405  8.3332919E-06
     0.76300000     0.23654701     0.23654898  8.3332919E-06
     0.76400000     0.23555189     0.23555386  8.3332919E-06
     0.76500000     0.23455673     0.23455869  8.3332919E-06
     0.76600000     0.23356152     0.23356347  8.3332919E-06
     0.76700000     0.23256627     0.23256820  8.3332919E-06
     0.76800000     0.23157096     0.23157289  8.3332919E-06
     0.76900000     0.23057561     0.23057753  8.3332919E-06
     0.77000000     0.22958022     0.22958213  8.3332919E-06
     0.77100000     0.22858478     0.22858668  8.3332919E-06
     0.77200000     0.22758929     0.22759119  8.3332919E-06
     0.77300000     0.22659376     0.22659565  8.3332919E-06
     0.77400000     0.22559819     0.22560007  8.3332919E-06
     0.77500000     0.22460257     0.22460444  8.3332919E-06
     0.77600000     0.22360691     0.22360877  8.3332919E-06
     0.77700000     0.22261121     0.22261306  8.3332919E-06
     0.77800000     0.22161546     0.22161731  8.3332919E-06
     0.77900000     0.22061968     0.22062151  8.3332919E-06
     0.78000000     0.21962385     0.21962568  8.3332919E-06
     0.78100000     0.21862798     0.21862980  8.3332919E-06
     0.78200000     0.21763207     0.21763388  8.3332919E-06
     0.78300000     0.21663612     0.21663792  8.3332919E-06
     0.78400000     0.21564013     0.21564192  8.3332919E-06
     0.78500000     0.21464410     0.21464589  8.3332919E-06
     0.78600000     0.21364803     0.21364981  8.3332919E-06
     0.78700000     0.21265192     0.21265370  8.3332919E-06
     0.78800000     0.21165578     0.21165754  8.3332919E-06
     0.78900000     0.21065960     0.21066135  8.3332919E-06
     0.79000000     0.20966338     0.20966512  8.3332919E-06
     0.79100000     0.20866712     0.20866886  8.3332919E-06
     0.79200000     0.20767082     0.20767255  8.3332919E-06
     0.79300000     0.20667449     0.20667622  8.3332919E-06
     0.79400000     0.20567813     0.20567984  8.3332919E-06
     0.79500000     0.20468173     0.20468343  8.3332919E-06
     0.79600000     0.20368529     0.20368699  8.3332919E-06
     0.79700000     0.20268882     0.20269050  8.3332919E-06
     0.79800000     0.20169231     0.20169399  8.3332919E-06
     0.79900000     0.20069577     0.20069744  8.3332919E-06
     0.80000000     0.19969919     0.19970086  8.3332919E-06
     0.80100000     0.19870258     0.19870424  8.3332919E-06
     0.80200000     0.19770594     0.19770759  8.3332919E-06
     0.80300000     0.19670927     0.19671091  8.3332919E-06
     0.80400000     0.19571256     0.19571419  8.3332919E-06
     0.80500000     0.19471582     0.19471745  8.3332919E-06
     0.80600000     0.19371905     0.19372067  8.3332919E-06
     0.80700000     0.19272225     0.19272385  8.3332919E-06
     0.80800000     0.19172541     0.19172701  8.3332919E-06
     0.80900000     0.19072855     0.19073014  8.3332919E-06
     0.81000000     0.18973165     0.18973323  8.3332919E-06
     0.81100000     0.18873473     0.18873630  8.3332919E-06
     0.81200000     0.18773777     0.18773934  8.3332919E-06
     0.81300000     0.18674079     0.18674234  8.3332919E-06
     0.81400000     0.18574377     0.18574532  8.3332919E-06
     0.81500000     0.18474673     0.18474827  8.3332919E-06
     0.81600000     0.18374965     0.18375118  8.3332919E-06
     0.81700000     0.18275255     0.18275407  8.3332919E-06
     0.81800000     0.18175542     0.18175694  8.3332919E-06
     0.81900000     0.18075826     0.18075977  8.3332919E-06
     0.82000000     0.17976108     0.17976257  8.3332919E-06
     0.82100000     0.17876386     0.17876535  8.3332919E-06
     0.82200000     0.17776662     0.17776810  8.3332919E-06
     0.82300000     0.17676935     0.17677083  8.3332919E-06
     0.82400000     0.17577206     0.17577353  8.3332919E-06
     0.82500000     0.17477474     0.17477620  8.3332919E-06
     0.82600000     0.17377739     0.17377884  8.3332919E-06
     0.82700000     0.17278002     0.17278146  8.3332919E-06
     0.82800000     0.17178262     0.17178405  8.3332919E-06
     0.82900000     0.17078520     0.17078662  8.3332919E-06
     0.83000000     0.16978775     0.16978917  8.3332919E-06
     0.83100000     0.16879028     0.16879168  8.3332919E-06
     0.83200000     0.16779278     0.16779418  8.3332919E-06
     0.83300000     0.16679526     0.16679665  8.3332919E-06
     0.83400000     0.16579771     0.16579909  8.3332919E-06
     0.83500000     0.16480014     0.16480151  8.3332919E-06
     0.83600000     0.16380254     0.16380391  8.3332919E-06
     0.83700000     0.16280493     0.16280628  8.3332919E-06
     0.83800000     0.16180729     0.16180864  8.3332919E-06
     0.83900000     0.16080962     0.16081096  8.3332919E-06
     0.84000000     0.15981194     0.15981327  8.3332919E-06
     0.84100000     0.15881423     0.15881555  8.3332919E-06
     0.84200000     0.15781650     0.15781781  8.3332919E-06
     0.84300000     0.15681874     0.15682005  8.3332919E-06
     0.84400000     0.15582097     0.15582227  8.3332919E-06
     0.84500000     0.15482317     0.15482446  8.3332919E-06
     0.84600000     0.15382535     0.15382664  8.3332919E-06
     0.84700000     0.15282752     0.15282879  8.3332919E-06
     0.84800000     0.15182966     0.15183092  8.3332919E-06
     0.84900000     0.15083177     0.15083303  8.3332919E-06
     0.85000000     0.14983387     0.14983512  8.3332919E-06
     0.85100000     0.14883595     0.14883719  8.3332919E-06
     0.85200000     0.14783801     0.14783924  8.3332919E-06
     0.85300000     0.14684005     0.14684127  8.3332919E-06
     0.85400000     0.14584207     0.14584328  8.3332919E-06
     0.85500000     0.14484406     0.14484527  8.3332919E-06
     0.85600000     0.14384604     0.14384724  8.3332919E-06
     0.85700000     0.14284800     0.14284920  8.3332919E-06
     0.85800000     0.14184995     0.14185113  8.3332919E-06
     0.85900000     0.14085187     0.14085304  8.3332919E-06
     0.86000000     0.13985377     0.13985494  8.3332919E-06
     0.86100000     0.13885566     0.13885682  8.3332919E-06
     0.86200000     0.13785753     0.13785867  8.3332919E-06
     0.86300000     0.13685937     0.13686052  8.3332919E-06
     0.86400000     0.13586121     0.13586234  8.3332919E-06
     0.86500000     0.13486302     0.13486414  8.3332919E-06
     0.86600000     0.13386482     0.13386593  8.3332919E-06
     0.86700000     0.13286660     0.13286770  8.3332919E-06
     0.86800000     0.13186836     0.13186946  8.3332919E-06
     0.86900000     0.13087010     0.13087119  8.3332919E-06
     0.87000000     0.12987183     0.12987291  8.3332919E-06
     0.87100000     0.12887354     0.12887462  8.3332919E-06
     0.87200000     0.12787524     0.12787630  8.3332919E-06
     0.87300000     0.12687691     0.12687797  8.3332919E-06
     0.87400000     0.12587858     0.12587963  8.3332919E-06
     0.87500000     0.12488022     0.12488126  8.3332919E-06
     0.87600000     0.12388185     0.12388289  8.3332919E-06
     0.87700000     0.12288347     0.12288449  8.3332919E-06
     0.87800000     0.12188507     0.12188608  8.3332919E-06
     0.87900000     0.12088665     0.12088766  8.3332919E-06
     0.88000000     0.11988822     0.11988922  8.3332919E-06
     0.88100000     0.11888977     0.11889076  8.3332919E-06
     0.88200000     0.11789131     0.11789229  8.3332919E-06
     0.88300000     0.11689284     0.11689381  8.3332919E-06
     0.88400000     0.11589435     0.11589531  8.3332919E-06
     0.88500000     0.11489584     0.11489680  8.3332919E-06
     0.88600000     0.11389732     0.11389827  8.3332919E-06
     0.88700000     0.11289879     0.11289973  8.3332919E-06
     0.88800000     0.11190024     0.11190117  8.3332919E-06
     0.88900000     0.11090168     0.11090260  8.3332919E-06
     0.89000000     0.10990310     0.10990402  8.3332919E-06
     0.89100000     0.10890451     0.10890542  8.3332919E-06
     0.89200000     0.10790591     0.10790681  8.3332919E-06
     0.89300000     0.10690729     0.10690818  8.3332919E-06
     0.89400000     0.10590866     0.10590955  8.3332919E-06
     0.89500000     0.10491002     0.10491090  8.3332918E-06
     0.89600000     0.10391137     0.10391223  8.3332919E-06
     0.89700000     0.10291270     0.10291356  8.3332918E-06
     0.89800000     0.10191402     0.10191487  8.3332918E-06
     0.89900000     0.10091532     0.10091616  8.3332918E-06
     0.90000000    0.099916617    0.099917450  8.3332918E-06
     0.90100000    0.098917899    0.098918723  8.3332918E-06
     0.90200000    0.097919169    0.097919985  8.3332918E-06
     0.90300000    0.096920426    0.096921234  8.3332918E-06
     0.90400000    0.095921671    0.095922471  8.3332918E-06
     0.90500000    0.094922905    0.094923696  8.3332918E-06
     0.90600000    0.093924127    0.093924909  8.3332918E-06
     0.90700000    0.092925337    0.092926111  8.3332918E-06
     0.90800000    0.091926535    0.091927302  8.3332918E-06
     0.90900000    0.090927723    0.090928480  8.3332918E-06
     0.91000000    0.089928899    0.089929648  8.3332918E-06
     0.91100000    0.088930064    0.088930805  8.3332918E-06
     0.91200000    0.087931217    0.087931950  8.3332918E-06
     0.91300000    0.086932360    0.086933085  8.3332918E-06
     0.91400000    0.085933492    0.085934208  8.3332918E-06
     0.91500000    0.084934613    0.084935321  8.3332918E-06
     0.91600000    0.083935724    0.083936423  8.3332918E-06
     0.91700000    0.082936824    0.082937515  8.3332918E-06
     0.91800000    0.081937914    0.081938597  8.3332918E-06
     0.91900000    0.080938993    0.080939668  8.3332918E-06
     0.92000000    0.079940062    0.079940729  8.3332918E-06
     0.92100000    0.078941121    0.078941779  8.3332918E-06
     0.92200000    0.077942171    0.077942820  8.3332918E-06
     0.92300000    0.076943210    0.076943851  8.3332918E-06
     0.92400000    0.075944239    0.075944872  8.3332918E-06
     0.92500000    0.074945259    0.074945883  8.3332918E-06
     0.92600000    0.073946269    0.073946885  8.3332918E-06
     0.92700000    0.072947269    0.072947877  8.3332918E-06
     0.92800000    0.071948260    0.071948860  8.3332918E-06
     0.92900000    0.070949242    0.070949833  8.3332918E-06
     0.93000000    0.069950215    0.069950798  8.3332918E-06
     0.93100000    0.068951178    0.068951753  8.3332918E-06
     0.93200000    0.067952133    0.067952699  8.3332918E-06
     0.93300000    0.066953078    0.066953636  8.3332918E-06
     0.93400000    0.065954014    0.065954564  8.3332918E-06
     0.93500000    0.064954942    0.064955484  8.3332918E-06
     0.93600000    0.063955861    0.063956394  8.3332918E-06
     0.93700000    0.062956772    0.062957296  8.3332918E-06
     0.93800000    0.061957674    0.061958190  8.3332918E-06
     0.93900000    0.060958567    0.060959075  8.3332918E-06
     0.94000000    0.059959452    0.059959952  8.3332918E-06
     0.94100000    0.058960329    0.058960820  8.3332918E-06
     0.94200000    0.057961198    0.057961681  8.3332918E-06
     0.94300000    0.056962058    0.056962533  8.3332918E-06
     0.94400000    0.055962911    0.055963377  8.3332918E-06
     0.94500000    0.054963755    0.054964213  8.3332918E-06
     0.94600000    0.053964592    0.053965042  8.3332918E-06
     0.94700000    0.052965421    0.052965862  8.3332918E-06
     0.94800000    0.051966242    0.051966675  8.3332918E-06
     0.94900000    0.050967056    0.050967480  8.3332918E-06
     0.95000000    0.049967862    0.049968278  8.3332918E-06
     0.95100000    0.048968660    0.048969068  8.3332918E-06
     0.95200000    0.047969451    0.047969851  8.3332918E-06
     0.95300000    0.046970235    0.046970627  8.3332918E-06
     0.95400000    0.045971012    0.045971395  8.3332918E-06
     0.95500000    0.044971781    0.044972156  8.3332918E-06
     0.95600000    0.043972543    0.043972910  8.3332918E-06
     0.95700000    0.042973298    0.042973656  8.3332918E-06
     0.95800000    0.041974046    0.041974396  8.3332918E-06
     0.95900000    0.040974788    0.040975129  8.3332918E-06
     0.96000000    0.039975522    0.039975855  8.3332918E-06
     0.96100000    0.038976250    0.038976575  8.3332918E-06
     0.96200000    0.037976971    0.037977287  8.3332918E-06
     0.96300000    0.036977685    0.036977993  8.3332918E-06
     0.96400000    0.035978393    0.035978692  8.3332918E-06
     0.96500000    0.034979094    0.034979385  8.3332918E-06
     0.96600000    0.033979789    0.033980072  8.3332918E-06
     0.96700000    0.032980477    0.032980752  8.3332918E-06
     0.96800000    0.031981159    0.031981426  8.3332918E-06
     0.96900000    0.030981835    0.030982093  8.3332918E-06
     0.97000000    0.029982505    0.029982754  8.3332918E-06
     0.97100000    0.028983168    0.028983410  8.3332918E-06
     0.97200000    0.027983826    0.027984059  8.3332918E-06
     0.97300000    0.026984477    0.026984702  8.3332918E-06
     0.97400000    0.025985122    0.025985339  8.3332918E-06
     0.97500000    0.024985762    0.024985970  8.3332918E-06
     0.97600000    0.023986396    0.023986596  8.3332918E-06
     0.97700000    0.022987024    0.022987215  8.3332918E-06
     0.97800000    0.021987646    0.021987829  8.3332918E-06
     0.97900000    0.020988263    0.020988438  8.3332918E-06
     0.98000000    0.019988874    0.019989040  8.3332918E-06
     0.98100000    0.018989479    0.018989637  8.3332918E-06
     0.98200000    0.017990079    0.017990229  8.3332918E-06
     0.98300000    0.016990674    0.016990815  8.3332918E-06
     0.98400000    0.015991263    0.015991396  8.3332918E-06
     0.98500000    0.014991847    0.014991972  8.3332918E-06
     0.98600000    0.013992425    0.013992542  8.3332918E-06
     0.98700000    0.012992999    0.012993107  8.3332918E-06
     0.98800000    0.011993567    0.011993667  8.3332918E-06
     0.98900000    0.010994130    0.010994222  8.3332918E-06
     0.99000000   0.0099946880   0.0099947712  8.3332918E-06
     0.99100000   0.0089952409   0.0089953159  8.3332918E-06
     0.99200000   0.0079957889   0.0079958556  8.3332918E-06
     0.99300000   0.0069963320   0.0069963903  8.3332918E-06
     0.99400000   0.0059968703   0.0059969202  8.3332918E-06
     0.99500000   0.0049974037   0.0049974453  8.3332918E-06
     0.99600000   0.0039979323   0.0039979656  8.3332918E-06
     0.99700000   0.0029984562   0.0029984812  8.3332918E-06
     0.99800000   0.0019989754   0.0019989921  8.3332918E-06
     0.99900000  0.00099948999  0.00099949832  8.3332918E-06
