    0.090909091     0.33296721     0.50620471     0.34222816
     0.18181818     0.13414927     0.65586946     0.79546347
     0.27272727    0.054047441     0.66188771     0.91834349
     0.36363636    0.021775191     0.61003216     0.96430485
     0.45454545   0.0087730136     0.53485984     0.98359755
     0.54545455   0.0035345623      0.4502934     0.99215053
     0.63636364   0.0014240409     0.36194216     0.99606556
     0.72727273  0.00057373231     0.27206607      0.9978912
     0.81818182  0.00023115119     0.18157563     0.99872697
     0.90909091  9.3128579e-05    0.090837678     0.99897478
